-0.019469713792204857
0.011346143670380116
-0.017663218080997467
0.0027943234890699387
0.006199629977345467
-0.0034655979834496975
-0.0003114742285106331
-0.0022457761224359274
0.09837017953395844
-0.017637427896261215
0.009267309680581093
-0.005046395119279623
0.006149834953248501
-0.0009156898013316095
-0.008115207776427269
0.004961302969604731
-0.005744528956711292
0.0001579335512360558
-0.005761327221989632
-0.022895192727446556
0.001513777649961412
-0.006947903428226709
0.005390471778810024
-0.025350280106067657
-0.017030585557222366
-0.01757229119539261
